{
 "cells": [
  {
   "cell_type": "code",
   "execution_count": 7,
   "metadata": {},
   "outputs": [],
   "source": [
    "#import numpy\n",
    "import numpy as np\n",
    "\n",
    "#import all other library required\n",
    "from scipy import random, linalg, dot, diag, all, allclose"
   ]
  },
  {
   "cell_type": "code",
   "execution_count": 8,
   "metadata": {},
   "outputs": [
    {
     "data": {
      "text/plain": [
       "array([[ 1.08517837,  0.06976091, -1.71840495,  1.65537729, -0.69440621,\n",
       "         0.30329813],\n",
       "       [-0.95730299, -0.9548354 , -1.82245637,  0.04915903, -0.31351091,\n",
       "        -0.32633341],\n",
       "       [-0.34602201, -0.24211204,  1.26273294,  0.24231046,  0.01578065,\n",
       "         0.12429523],\n",
       "       [ 0.71829279,  1.43353835, -0.40369681, -1.18695075,  0.04590717,\n",
       "         0.0506331 ],\n",
       "       [ 0.1748986 ,  0.49633927, -0.45622327, -0.32615918,  1.90439499,\n",
       "        -0.61307153],\n",
       "       [-0.21559358, -1.66212189,  2.01504273, -1.98406028,  0.15468041,\n",
       "        -0.0501223 ],\n",
       "       [ 0.27189902, -1.58725494,  2.1902859 , -2.54408785, -0.95120663,\n",
       "        -0.10037251],\n",
       "       [-0.840989  , -0.71149159, -0.78587401, -0.38492911, -2.25314883,\n",
       "         1.09555822],\n",
       "       [ 1.40448013,  0.58199897, -1.12846507, -0.12676445,  0.51655049,\n",
       "        -1.71685646]])"
      ]
     },
     "execution_count": 8,
     "metadata": {},
     "output_type": "execute_result"
    }
   ],
   "source": [
    "#create a random data matrix\n",
    "a = random.randn(9, 6)\n",
    "a"
   ]
  },
  {
   "cell_type": "code",
   "execution_count": 9,
   "metadata": {},
   "outputs": [],
   "source": [
    "#decompose\n",
    "q, r = linalg.qr(a)"
   ]
  },
  {
   "cell_type": "code",
   "execution_count": 10,
   "metadata": {},
   "outputs": [
    {
     "data": {
      "text/plain": [
       "((9, 9), (9, 6))"
      ]
     },
     "execution_count": 10,
     "metadata": {},
     "output_type": "execute_result"
    }
   ],
   "source": [
    "q.shape, r.shape"
   ]
  },
  {
   "cell_type": "code",
   "execution_count": 11,
   "metadata": {},
   "outputs": [
    {
     "data": {
      "text/plain": [
       "array([[-0.46019567, -0.2315844 ,  0.48620881,  0.39826593,  0.17559873,\n",
       "        -0.48926288, -0.18113323,  0.06860532, -0.17845122],\n",
       "       [ 0.40596708, -0.12956107,  0.6230921 , -0.26581369, -0.27590474,\n",
       "         0.18216804, -0.24475439, -0.21504536, -0.37953412],\n",
       "       [ 0.14673885, -0.00832901, -0.29972029,  0.30901485,  0.03955995,\n",
       "         0.2540212 , -0.55490148,  0.51646335, -0.39030001],\n",
       "       [-0.30460912,  0.3652181 , -0.14278159, -0.62860717,  0.26584268,\n",
       "        -0.23178071, -0.41789351, -0.12674443, -0.20785018],\n",
       "       [-0.07416991,  0.14397298,  0.03039661, -0.24966268, -0.62150657,\n",
       "        -0.35997496,  0.22114247,  0.58012207, -0.09600628],\n",
       "       [ 0.09142758, -0.57000496, -0.21325946, -0.16131113, -0.25688962,\n",
       "        -0.2565556 , -0.48268607, -0.07709758,  0.47380537],\n",
       "       [-0.11530524, -0.65777108, -0.25219132, -0.29643058,  0.18837835,\n",
       "         0.04271403,  0.36318064,  0.04441359, -0.48102674],\n",
       "       [ 0.35664136, -0.06623157,  0.3083013 , -0.26360719,  0.56669882,\n",
       "        -0.07116508,  0.05796521,  0.52522913,  0.31375826],\n",
       "       [-0.59560317, -0.11595547,  0.2451218 , -0.18541197, -0.10912236,\n",
       "         0.6378839 , -0.0870944 ,  0.21430446,  0.25501667]])"
      ]
     },
     "execution_count": 11,
     "metadata": {},
     "output_type": "execute_result"
    }
   ],
   "source": [
    "#orthonormal matrix\n",
    "q"
   ]
  },
  {
   "cell_type": "code",
   "execution_count": 12,
   "metadata": {},
   "outputs": [
    {
     "data": {
      "text/plain": [
       "array([[-2.35808036, -1.49807768,  0.71656622, -0.27036843, -0.94803331,\n",
       "         1.19650743],\n",
       "       [ 0.        ,  2.67568947, -1.99595303,  1.97234423,  1.11908891,\n",
       "         0.12234258],\n",
       "       [ 0.        ,  0.        , -3.80675102,  1.83739447, -0.84750185,\n",
       "        -0.16606291],\n",
       "       [ 0.        ,  0.        ,  0.        ,  2.74781647,  0.06252633,\n",
       "         0.4345465 ],\n",
       "       [ 0.        ,  0.        ,  0.        ,  0.        , -2.75834986,\n",
       "         1.34486811],\n",
       "       [ 0.        ,  0.        ,  0.        ,  0.        ,  0.        ,\n",
       "        -1.13186053],\n",
       "       [ 0.        ,  0.        ,  0.        ,  0.        ,  0.        ,\n",
       "         0.        ],\n",
       "       [ 0.        ,  0.        ,  0.        ,  0.        ,  0.        ,\n",
       "         0.        ],\n",
       "       [ 0.        ,  0.        ,  0.        ,  0.        ,  0.        ,\n",
       "         0.        ]])"
      ]
     },
     "execution_count": 12,
     "metadata": {},
     "output_type": "execute_result"
    }
   ],
   "source": [
    "#upper triangular metrix\n",
    "r"
   ]
  },
  {
   "cell_type": "code",
   "execution_count": null,
   "metadata": {},
   "outputs": [],
   "source": []
  },
  {
   "cell_type": "code",
   "execution_count": null,
   "metadata": {},
   "outputs": [],
   "source": []
  }
 ],
 "metadata": {
  "kernelspec": {
   "display_name": "Python 3",
   "language": "python",
   "name": "python3"
  },
  "language_info": {
   "codemirror_mode": {
    "name": "ipython",
    "version": 3
   },
   "file_extension": ".py",
   "mimetype": "text/x-python",
   "name": "python",
   "nbconvert_exporter": "python",
   "pygments_lexer": "ipython3",
   "version": "3.6.5"
  }
 },
 "nbformat": 4,
 "nbformat_minor": 2
}
